线路：FZ602,优化区间：4->5,设定时间：116,实际时间：115.997,时间差异：-0.00299835,能耗(kWh)：7.47309,算法执行时间(s)：0.032
相对时间,位置,速度,力,操纵工况
0.000,6935.000,0.000,0.000,0
1.538,6936.000,4.680,170.000,0
2.172,6937.000,6.669,170.000,0
2.657,6938.000,8.188,170.000,0
3.065,6939.000,9.465,170.000,0
3.424,6940.000,10.590,170.000,0
3.748,6941.000,11.604,170.000,0
4.046,6942.000,12.536,170.000,0
4.324,6943.000,13.404,170.000,0
4.585,6944.000,14.218,170.000,0
4.831,6945.000,14.988,170.000,0
5.066,6946.000,15.721,170.000,0
5.290,6947.000,16.419,170.000,0
5.505,6948.000,17.089,170.000,0
5.711,6949.000,17.734,170.000,0
5.911,6950.000,18.355,170.000,0
6.104,6951.000,18.943,170.000,0
6.291,6952.000,19.513,170.000,0
6.473,6953.000,20.066,170.000,0
6.650,6954.000,20.604,170.000,0
6.823,6955.000,21.128,170.000,0
6.991,6956.000,21.639,170.000,0
7.155,6957.000,22.138,170.000,0
7.316,6958.000,22.626,170.000,0
7.474,6959.000,23.104,170.000,0
7.628,6960.000,23.572,170.000,0
7.779,6961.000,24.031,170.000,0
7.928,6962.000,24.481,170.000,0
8.073,6963.000,24.923,170.000,0
8.217,6964.000,25.357,170.000,0
8.357,6965.000,25.783,170.000,0
8.496,6966.000,26.202,170.000,0
8.632,6967.000,26.614,170.000,0
8.766,6968.000,27.020,170.000,0
8.899,6969.000,27.420,170.000,0
9.029,6970.000,27.814,170.000,0
9.158,6971.000,28.202,170.000,0
9.284,6972.000,28.585,170.000,0
9.409,6973.000,28.963,170.000,0
9.533,6974.000,29.336,170.000,0
9.655,6975.000,29.705,170.000,0
9.775,6976.000,30.060,170.000,0
9.894,6977.000,30.410,170.000,0
10.012,6978.000,30.756,170.000,0
10.129,6979.000,31.098,170.000,0
10.244,6980.000,31.437,170.000,0
10.358,6981.000,31.771,170.000,0
10.470,6982.000,32.103,170.000,0
10.582,6983.000,32.430,170.000,0
10.692,6984.000,32.755,170.000,0
10.802,6985.000,33.076,170.000,0
10.910,6986.000,33.394,170.000,0
11.017,6987.000,33.709,170.000,0
11.124,6988.000,34.021,170.000,0
11.229,6989.000,34.331,170.000,0
11.333,6990.000,34.637,170.000,0
11.437,6991.000,34.941,170.000,0
11.539,6992.000,35.242,170.000,0
11.641,6993.000,35.539,170.000,0
11.742,6994.000,35.834,170.000,0
11.842,6995.000,36.127,170.000,0
11.941,6996.000,36.417,170.000,0
12.040,6997.000,36.705,170.000,0
12.138,6998.000,36.991,170.000,0
12.234,6999.000,37.274,170.000,0
12.331,7000.000,37.555,170.000,0
12.426,7001.000,37.834,170.000,0
12.521,7002.000,38.111,170.000,0
12.615,7003.000,38.386,170.000,0
12.709,7004.000,38.659,170.000,0
12.801,7005.000,38.931,170.000,0
12.894,7006.000,39.200,170.000,0
12.985,7007.000,39.467,170.000,0
13.076,7008.000,39.732,170.000,0
13.166,7009.000,39.996,170.000,0
13.256,7010.000,40.258,170.000,0
13.345,7011.000,40.517,170.000,0
13.434,7012.000,40.775,170.000,0
13.522,7013.000,41.031,170.000,0
13.609,7014.000,41.285,170.000,0
13.696,7015.000,41.538,170.000,0
13.782,7016.000,41.789,170.000,0
13.868,7017.000,42.039,170.000,0
13.954,7018.000,42.287,170.000,0
14.039,7019.000,42.534,170.000,0
14.123,7020.000,42.779,170.000,0
14.207,7021.000,43.023,170.000,0
14.290,7022.000,43.265,170.000,0
14.373,7023.000,43.506,170.000,0
14.456,7024.000,43.746,170.000,0
14.538,7025.000,43.984,170.000,0
14.620,7026.000,44.221,170.000,0
14.701,7027.000,44.457,170.000,0
14.782,7028.000,44.692,170.000,0
14.862,7029.000,44.925,170.000,0
14.942,7030.000,45.157,170.000,0
15.021,7031.000,45.387,170.000,0
15.100,7032.000,45.616,170.000,0
15.179,7033.000,45.843,170.000,0
15.258,7034.000,46.070,170.000,0
15.335,7035.000,46.295,170.000,0
15.413,7036.000,46.519,170.000,0
15.490,7037.000,46.742,170.000,0
15.567,7038.000,46.964,170.000,0
15.644,7039.000,47.185,170.000,0
15.720,7040.000,47.405,170.000,0
15.795,7041.000,47.624,170.000,0
15.871,7042.000,47.842,170.000,0
15.946,7043.000,48.058,170.000,0
16.021,7044.000,48.274,170.000,0
16.095,7045.000,48.489,170.000,0
16.169,7046.000,48.703,170.000,0
16.243,7047.000,48.916,170.000,0
16.316,7048.000,49.128,170.000,0
16.389,7049.000,49.339,170.000,0
16.462,7050.000,49.549,170.000,0
16.535,7051.000,49.758,170.000,0
16.607,7052.000,49.966,170.000,0
16.679,7053.000,50.173,170.000,0
16.750,7054.000,50.379,170.000,0
16.822,7055.000,50.584,170.000,0
16.893,7056.000,50.788,170.000,0
16.964,7057.000,50.991,170.000,0
17.034,7058.000,51.193,170.000,0
17.104,7059.000,51.395,170.000,0
17.174,7060.000,51.595,170.000,0
17.244,7061.000,51.795,170.000,0
17.313,7062.000,51.994,170.000,0
17.382,7063.000,52.193,170.000,0
17.451,7064.000,52.390,170.000,0
17.520,7065.000,52.587,170.000,0
17.588,7066.000,52.783,170.000,0
17.656,7067.000,52.978,170.000,0
17.724,7068.000,53.173,170.000,0
17.791,7069.000,53.367,170.000,0
17.859,7070.000,53.560,170.000,0
17.926,7071.000,53.752,170.000,0
17.993,7072.000,53.944,170.000,0
18.059,7073.000,54.135,170.000,0
18.126,7074.000,54.325,170.000,0
18.192,7075.000,54.515,170.000,0
18.258,7076.000,54.703,170.000,0
18.324,7077.000,54.892,170.000,0
18.389,7078.000,55.079,170.000,0
18.454,7079.000,55.265,170.000,0
18.519,7080.000,55.451,170.000,0
18.584,7081.000,55.636,170.000,0
18.649,7082.000,55.820,170.000,0
18.713,7083.000,56.003,170.000,0
18.777,7084.000,56.186,170.000,0
18.841,7085.000,56.368,170.000,0
18.905,7086.000,56.550,170.000,0
18.969,7087.000,56.731,170.000,0
19.032,7088.000,56.912,170.000,0
19.095,7089.000,57.092,170.000,0
19.158,7090.000,57.271,170.000,0
19.221,7091.000,57.450,170.000,0
19.283,7092.000,57.416,0.000,2
19.346,7093.000,57.383,0.000,2
19.409,7094.000,57.349,0.000,2
19.472,7095.000,57.315,0.000,2
19.535,7096.000,57.282,0.000,2
19.597,7097.000,57.248,0.000,2
19.660,7098.000,57.215,0.000,2
19.723,7099.000,57.181,0.000,2
19.786,7100.000,57.147,0.000,2
19.849,7101.000,57.114,0.000,2
19.912,7102.000,57.080,0.000,2
19.975,7103.000,57.046,0.000,2
20.039,7104.000,57.013,0.000,2
20.102,7105.000,56.979,0.000,2
20.165,7106.000,56.945,0.000,2
20.228,7107.000,56.911,0.000,2
20.291,7108.000,56.878,0.000,2
20.355,7109.000,56.844,0.000,2
20.418,7110.000,56.810,0.000,2
20.481,7111.000,56.776,0.000,2
20.545,7112.000,56.742,0.000,2
20.608,7113.000,56.708,0.000,2
20.672,7114.000,56.675,0.000,2
20.735,7115.000,56.641,0.000,2
20.799,7116.000,56.607,0.000,2
20.863,7117.000,56.573,0.000,2
20.926,7118.000,56.539,0.000,2
20.990,7119.000,56.505,0.000,2
21.054,7120.000,56.471,0.000,2
21.117,7121.000,56.437,0.000,2
21.181,7122.000,56.403,0.000,2
21.245,7123.000,56.369,0.000,2
21.309,7124.000,56.335,0.000,2
21.373,7125.000,56.301,0.000,2
21.437,7126.000,56.267,0.000,2
21.501,7127.000,56.232,0.000,2
21.565,7128.000,56.198,0.000,2
21.629,7129.000,56.164,0.000,2
21.693,7130.000,56.130,0.000,2
21.757,7131.000,56.096,0.000,2
21.821,7132.000,56.062,0.000,2
21.886,7133.000,56.028,0.000,2
21.950,7134.000,55.993,0.000,2
22.014,7135.000,55.959,0.000,2
22.079,7136.000,55.925,0.000,2
22.143,7137.000,55.891,0.000,2
22.207,7138.000,55.856,0.000,2
22.272,7139.000,55.822,0.000,2
22.336,7140.000,55.788,0.000,2
22.401,7141.000,55.753,0.000,2
22.466,7142.000,55.719,0.000,2
22.530,7143.000,55.684,0.000,2
22.595,7144.000,55.650,0.000,2
22.660,7145.000,55.616,0.000,2
22.724,7146.000,55.581,0.000,2
22.789,7147.000,55.547,0.000,2
22.854,7148.000,55.512,0.000,2
22.919,7149.000,55.478,0.000,2
22.984,7150.000,55.443,0.000,2
23.049,7151.000,55.409,0.000,2
23.114,7152.000,55.374,0.000,2
23.179,7153.000,55.340,0.000,2
23.244,7154.000,55.305,0.000,2
23.309,7155.000,55.271,0.000,2
23.374,7156.000,55.236,0.000,2
23.439,7157.000,55.201,0.000,2
23.504,7158.000,55.167,0.000,2
23.570,7159.000,55.132,0.000,2
23.635,7160.000,55.097,0.000,2
23.700,7161.000,55.063,0.000,2
23.766,7162.000,55.028,0.000,2
23.831,7163.000,54.993,0.000,2
23.897,7164.000,54.959,0.000,2
23.962,7165.000,54.925,0.000,2
24.028,7166.000,54.891,0.000,2
24.093,7167.000,54.857,0.000,2
24.159,7168.000,54.823,0.000,2
24.225,7169.000,54.790,0.000,2
24.291,7170.000,54.755,0.000,2
24.356,7171.000,54.721,0.000,2
24.422,7172.000,54.687,0.000,2
24.488,7173.000,54.653,0.000,2
24.554,7174.000,54.619,0.000,2
24.620,7175.000,54.585,0.000,2
24.686,7176.000,54.551,0.000,2
24.752,7177.000,54.517,0.000,2
24.818,7178.000,54.483,0.000,2
24.884,7179.000,54.449,0.000,2
24.950,7180.000,54.414,0.000,2
25.016,7181.000,54.380,0.000,2
25.082,7182.000,54.346,0.000,2
25.149,7183.000,54.312,0.000,2
25.215,7184.000,54.278,0.000,2
25.281,7185.000,54.243,0.000,2
25.348,7186.000,54.209,0.000,2
25.414,7187.000,54.175,0.000,2
25.481,7188.000,54.140,0.000,2
25.547,7189.000,54.106,0.000,2
25.614,7190.000,54.072,0.000,2
25.680,7191.000,54.037,0.000,2
25.747,7192.000,54.003,0.000,2
25.814,7193.000,53.968,0.000,2
25.880,7194.000,53.934,0.000,2
25.947,7195.000,53.900,0.000,2
26.014,7196.000,53.865,0.000,2
26.081,7197.000,53.831,0.000,2
26.148,7198.000,53.796,0.000,2
26.215,7199.000,53.761,0.000,2
26.282,7200.000,53.727,0.000,2
26.349,7201.000,53.692,0.000,2
26.416,7202.000,53.658,0.000,2
26.483,7203.000,53.623,0.000,2
26.550,7204.000,53.589,0.000,2
26.617,7205.000,53.554,0.000,2
26.684,7206.000,53.519,0.000,2
26.752,7207.000,53.485,0.000,2
26.819,7208.000,53.450,0.000,2
26.886,7209.000,53.415,0.000,2
26.954,7210.000,53.380,0.000,2
27.021,7211.000,53.346,0.000,2
27.089,7212.000,53.311,0.000,2
27.156,7213.000,53.276,0.000,2
27.224,7214.000,53.241,0.000,2
27.292,7215.000,53.206,0.000,2
27.359,7216.000,53.172,0.000,2
27.427,7217.000,53.137,0.000,2
27.495,7218.000,53.102,0.000,2
27.563,7219.000,53.067,0.000,2
27.630,7220.000,53.032,0.000,2
27.698,7221.000,52.997,0.000,2
27.766,7222.000,52.962,0.000,2
27.834,7223.000,52.927,0.000,2
27.902,7224.000,52.892,0.000,2
27.970,7225.000,52.857,0.000,2
28.039,7226.000,52.822,0.000,2
28.107,7227.000,52.787,0.000,2
28.175,7228.000,52.752,0.000,2
28.243,7229.000,52.717,0.000,2
28.312,7230.000,52.682,0.000,2
28.380,7231.000,52.647,0.000,2
28.448,7232.000,52.611,0.000,2
28.517,7233.000,52.576,0.000,2
28.585,7234.000,52.541,0.000,2
28.654,7235.000,52.506,0.000,2
28.722,7236.000,52.471,0.000,2
28.791,7237.000,52.435,0.000,2
28.860,7238.000,52.400,0.000,2
28.928,7239.000,52.365,0.000,2
28.997,7240.000,52.329,0.000,2
29.066,7241.000,52.294,0.000,2
29.135,7242.000,52.259,0.000,2
29.204,7243.000,52.223,0.000,2
29.273,7244.000,52.188,0.000,2
29.342,7245.000,52.152,0.000,2
29.411,7246.000,52.117,0.000,2
29.480,7247.000,52.082,0.000,2
29.549,7248.000,52.046,0.000,2
29.618,7249.000,52.011,0.000,2
29.687,7250.000,51.975,0.000,2
29.757,7251.000,51.939,0.000,2
29.826,7252.000,51.904,0.000,2
29.895,7253.000,51.868,0.000,2
29.965,7254.000,51.833,0.000,2
30.034,7255.000,51.797,0.000,2
30.104,7256.000,51.761,0.000,2
30.173,7257.000,51.726,0.000,2
30.243,7258.000,51.690,0.000,2
30.313,7259.000,51.654,0.000,2
30.382,7260.000,51.619,0.000,2
30.452,7261.000,51.583,0.000,2
30.522,7262.000,51.547,0.000,2
30.592,7263.000,51.511,0.000,2
30.662,7264.000,51.476,0.000,2
30.732,7265.000,51.440,0.000,2
30.802,7266.000,51.404,0.000,2
30.872,7267.000,51.368,0.000,2
30.942,7268.000,51.332,0.000,2
31.012,7269.000,51.296,0.000,2
31.082,7270.000,51.260,0.000,2
31.153,7271.000,51.224,0.000,2
31.223,7272.000,51.188,0.000,2
31.293,7273.000,51.152,0.000,2
31.364,7274.000,51.116,0.000,2
31.434,7275.000,51.080,0.000,2
31.505,7276.000,51.044,0.000,2
31.575,7277.000,51.008,0.000,2
31.646,7278.000,50.972,0.000,2
31.716,7279.000,50.936,0.000,2
31.787,7280.000,50.900,0.000,2
31.858,7281.000,50.863,0.000,2
31.929,7282.000,50.827,0.000,2
32.000,7283.000,50.791,0.000,2
32.070,7284.000,50.755,0.000,2
32.141,7285.000,50.719,0.000,2
32.212,7286.000,50.682,0.000,2
32.283,7287.000,50.646,0.000,2
32.355,7288.000,50.610,0.000,2
32.426,7289.000,50.573,0.000,2
32.497,7290.000,50.537,0.000,2
32.568,7291.000,50.500,0.000,2
32.640,7292.000,50.464,0.000,2
32.711,7293.000,50.428,0.000,2
32.782,7294.000,50.391,0.000,2
32.854,7295.000,50.355,0.000,2
32.925,7296.000,50.318,0.000,2
32.997,7297.000,50.282,0.000,2
33.068,7298.000,50.245,0.000,2
33.140,7299.000,50.209,0.000,2
33.212,7300.000,50.172,0.000,2
33.284,7301.000,50.135,0.000,2
33.355,7302.000,50.099,0.000,2
33.427,7303.000,50.062,0.000,2
33.499,7304.000,50.025,0.000,2
33.571,7305.000,49.989,0.000,2
33.643,7306.000,49.953,0.000,2
33.715,7307.000,49.917,0.000,2
33.788,7308.000,49.881,0.000,2
33.860,7309.000,49.845,0.000,2
33.932,7310.000,49.809,0.000,2
34.004,7311.000,49.773,0.000,2
34.077,7312.000,49.737,0.000,2
34.149,7313.000,49.701,0.000,2
34.222,7314.000,49.665,0.000,2
34.294,7315.000,49.629,0.000,2
34.367,7316.000,49.593,0.000,2
34.439,7317.000,49.556,0.000,2
34.512,7318.000,49.520,0.000,2
34.585,7319.000,49.484,0.000,2
34.657,7320.000,49.448,0.000,2
34.730,7321.000,49.412,0.000,2
34.803,7322.000,49.375,0.000,2
34.876,7323.000,49.339,0.000,2
34.949,7324.000,49.303,0.000,2
35.022,7325.000,49.267,0.000,2
35.095,7326.000,49.230,0.000,2
35.168,7327.000,49.194,0.000,2
35.242,7328.000,49.157,0.000,2
35.315,7329.000,49.121,0.000,2
35.388,7330.000,49.085,0.000,2
35.462,7331.000,49.048,0.000,2
35.535,7332.000,49.012,0.000,2
35.608,7333.000,48.975,0.000,2
35.682,7334.000,48.939,0.000,2
35.756,7335.000,48.902,0.000,2
35.829,7336.000,48.865,0.000,2
35.903,7337.000,48.829,0.000,2
35.977,7338.000,48.792,0.000,2
36.050,7339.000,48.756,0.000,2
36.124,7340.000,48.719,0.000,2
36.198,7341.000,48.682,0.000,2
36.272,7342.000,48.646,0.000,2
36.346,7343.000,48.609,0.000,2
36.420,7344.000,48.572,0.000,2
36.494,7345.000,48.535,0.000,2
36.569,7346.000,48.498,0.000,2
36.643,7347.000,48.462,0.000,2
36.717,7348.000,48.425,0.000,2
36.792,7349.000,48.388,0.000,2
36.866,7350.000,48.351,0.000,2
36.941,7351.000,48.314,0.000,2
37.015,7352.000,48.277,0.000,2
37.090,7353.000,48.240,0.000,2
37.164,7354.000,48.203,0.000,2
37.239,7355.000,48.166,0.000,2
37.314,7356.000,48.129,0.000,2
37.389,7357.000,48.092,0.000,2
37.464,7358.000,48.055,0.000,2
37.538,7359.000,48.018,0.000,2
37.613,7360.000,47.981,0.000,2
37.689,7361.000,47.943,0.000,2
37.764,7362.000,47.906,0.000,2
37.839,7363.000,47.869,0.000,2
37.914,7364.000,47.832,0.000,2
37.989,7365.000,47.794,0.000,2
38.065,7366.000,47.757,0.000,2
38.140,7367.000,47.720,0.000,2
38.216,7368.000,47.683,0.000,2
38.291,7369.000,47.645,0.000,2
38.367,7370.000,47.608,0.000,2
38.442,7371.000,47.570,0.000,2
38.518,7372.000,47.533,0.000,2
38.594,7373.000,47.495,0.000,2
38.670,7374.000,47.458,0.000,2
38.746,7375.000,47.420,0.000,2
38.821,7376.000,47.383,0.000,2
38.897,7377.000,47.345,0.000,2
38.974,7378.000,47.308,0.000,2
39.050,7379.000,47.270,0.000,2
39.126,7380.000,47.232,0.000,2
39.202,7381.000,47.195,0.000,2
39.278,7382.000,47.157,0.000,2
39.355,7383.000,47.119,0.000,2
39.431,7384.000,47.081,0.000,2
39.508,7385.000,47.044,0.000,2
39.584,7386.000,47.006,0.000,2
39.661,7387.000,46.968,0.000,2
39.738,7388.000,46.930,0.000,2
39.814,7389.000,46.892,0.000,2
39.891,7390.000,46.854,0.000,2
39.968,7391.000,46.816,0.000,2
40.045,7392.000,46.778,0.000,2
40.122,7393.000,46.741,0.000,2
40.199,7394.000,46.702,0.000,2
40.276,7395.000,46.664,0.000,2
40.353,7396.000,46.626,0.000,2
40.430,7397.000,46.588,0.000,2
40.508,7398.000,46.550,0.000,2
40.585,7399.000,46.512,0.000,2
40.663,7400.000,46.474,0.000,2
40.740,7401.000,46.436,0.000,2
40.818,7402.000,46.397,0.000,2
40.895,7403.000,46.359,0.000,2
40.973,7404.000,46.321,0.000,2
41.051,7405.000,46.282,0.000,2
41.129,7406.000,46.244,0.000,2
41.206,7407.000,46.206,0.000,2
41.284,7408.000,46.167,0.000,2
41.362,7409.000,46.129,0.000,2
41.440,7410.000,46.090,0.000,2
41.519,7411.000,46.052,0.000,2
41.597,7412.000,46.014,0.000,2
41.675,7413.000,45.975,0.000,2
41.753,7414.000,45.936,0.000,2
41.832,7415.000,45.898,0.000,2
41.910,7416.000,45.859,0.000,2
41.989,7417.000,45.830,0.000,2
42.067,7418.000,45.801,0.000,2
42.146,7419.000,45.771,0.000,2
42.225,7420.000,45.742,0.000,2
42.303,7421.000,45.713,0.000,2
42.382,7422.000,45.684,0.000,2
42.461,7423.000,45.654,0.000,2
42.540,7424.000,45.625,0.000,2
42.619,7425.000,45.595,0.000,2
42.698,7426.000,45.566,0.000,2
42.777,7427.000,45.537,0.000,2
42.856,7428.000,45.507,0.000,2
42.935,7429.000,45.478,0.000,2
43.014,7430.000,45.448,0.000,2
43.093,7431.000,45.419,0.000,2
43.173,7432.000,45.389,0.000,2
43.252,7433.000,45.360,0.000,2
43.331,7434.000,45.331,0.000,2
43.411,7435.000,45.301,0.000,2
43.490,7436.000,45.271,0.000,2
43.570,7437.000,45.242,0.000,2
43.650,7438.000,45.212,0.000,2
43.729,7439.000,45.183,0.000,2
43.809,7440.000,45.153,0.000,2
43.889,7441.000,45.124,0.000,2
43.968,7442.000,45.103,0.000,2
44.048,7443.000,45.083,0.000,2
44.128,7444.000,45.063,0.000,2
44.208,7445.000,45.043,0.000,2
44.288,7446.000,45.023,0.000,2
44.368,7447.000,45.003,0.000,2
44.448,7448.000,44.984,0.000,2
44.528,7449.000,44.965,0.000,2
44.608,7450.000,44.945,0.000,2
44.688,7451.000,44.926,0.000,2
44.768,7452.000,44.907,0.000,2
44.849,7453.000,44.888,0.000,2
44.929,7454.000,44.868,0.000,2
45.009,7455.000,44.849,0.000,2
45.089,7456.000,44.830,0.000,2
45.170,7457.000,44.810,0.000,2
45.250,7458.000,44.791,0.000,2
45.330,7459.000,44.772,0.000,2
45.411,7460.000,44.753,0.000,2
45.491,7461.000,44.733,0.000,2
45.572,7462.000,44.714,0.000,2
45.652,7463.000,44.695,0.000,2
45.733,7464.000,44.675,0.000,2
45.813,7465.000,44.656,0.000,2
45.894,7466.000,44.637,0.000,2
45.975,7467.000,44.627,0.000,2
46.055,7468.000,44.617,0.000,2
46.136,7469.000,44.608,0.000,2
46.217,7470.000,44.598,0.000,2
46.298,7471.000,44.588,0.000,2
46.378,7472.000,44.579,0.000,2
46.459,7473.000,44.569,0.000,2
46.540,7474.000,44.559,0.000,2
46.621,7475.000,44.549,0.000,2
46.701,7476.000,44.540,0.000,2
46.782,7477.000,44.530,0.000,2
46.863,7478.000,44.520,0.000,2
46.944,7479.000,44.511,0.000,2
47.025,7480.000,44.501,0.000,2
47.106,7481.000,44.491,0.000,2
47.187,7482.000,44.482,0.000,2
47.268,7483.000,44.472,0.000,2
47.349,7484.000,44.462,0.000,2
47.430,7485.000,44.452,0.000,2
47.511,7486.000,44.443,0.000,2
47.592,7487.000,44.433,0.000,2
47.673,7488.000,44.423,0.000,2
47.754,7489.000,44.414,0.000,2
47.835,7490.000,44.404,0.000,2
47.916,7491.000,44.394,0.000,2
47.997,7492.000,44.394,0.000,2
48.078,7493.000,44.394,0.000,2
48.159,7494.000,44.394,0.000,2
48.240,7495.000,44.394,0.000,2
48.321,7496.000,44.394,0.000,2
48.402,7497.000,44.394,0.000,2
48.484,7498.000,44.394,0.000,2
48.565,7499.000,44.394,0.000,2
48.646,7500.000,44.394,0.000,2
48.727,7501.000,44.394,0.000,2
48.808,7502.000,44.394,0.000,2
48.889,7503.000,44.394,0.000,2
48.970,7504.000,44.394,0.000,2
49.051,7505.000,44.394,0.000,2
49.132,7506.000,44.394,0.000,2
49.213,7507.000,44.394,0.000,2
49.294,7508.000,44.394,0.000,2
49.376,7509.000,44.394,0.000,2
49.457,7510.000,44.394,0.000,2
49.538,7511.000,44.394,0.000,2
49.619,7512.000,44.394,0.000,2
49.700,7513.000,44.394,0.000,2
49.781,7514.000,44.394,0.000,2
49.862,7515.000,44.394,0.000,2
49.943,7516.000,44.394,0.000,2
50.024,7517.000,44.394,0.000,2
50.105,7518.000,44.394,0.000,2
50.186,7519.000,44.394,0.000,2
50.268,7520.000,44.394,0.000,2
50.349,7521.000,44.394,0.000,2
50.430,7522.000,44.394,0.000,2
50.511,7523.000,44.394,0.000,2
50.592,7524.000,44.394,0.000,2
50.673,7525.000,44.394,0.000,2
50.754,7526.000,44.394,0.000,2
50.835,7527.000,44.394,0.000,2
50.916,7528.000,44.394,0.000,2
50.997,7529.000,44.394,0.000,2
51.078,7530.000,44.394,0.000,2
51.160,7531.000,44.394,0.000,2
51.241,7532.000,44.394,0.000,2
51.322,7533.000,44.394,0.000,2
51.403,7534.000,44.394,0.000,2
51.484,7535.000,44.394,0.000,2
51.565,7536.000,44.394,0.000,2
51.646,7537.000,44.394,0.000,2
51.727,7538.000,44.394,0.000,2
51.808,7539.000,44.395,0.000,2
51.889,7540.000,44.395,0.000,2
51.970,7541.000,44.395,0.000,2
52.052,7542.000,44.395,0.000,2
52.133,7543.000,44.395,0.000,2
52.214,7544.000,44.395,0.000,2
52.295,7545.000,44.395,0.000,2
52.376,7546.000,44.395,0.000,2
52.457,7547.000,44.395,0.000,2
52.538,7548.000,44.395,0.000,2
52.619,7549.000,44.395,0.000,2
52.700,7550.000,44.395,0.000,2
52.781,7551.000,44.395,0.000,2
52.862,7552.000,44.395,0.000,2
52.944,7553.000,44.395,0.000,2
53.025,7554.000,44.395,0.000,2
53.106,7555.000,44.395,0.000,2
53.187,7556.000,44.395,0.000,2
53.268,7557.000,44.395,0.000,2
53.349,7558.000,44.395,0.000,2
53.430,7559.000,44.395,0.000,2
53.511,7560.000,44.395,0.000,2
53.592,7561.000,44.395,0.000,2
53.673,7562.000,44.395,0.000,2
53.754,7563.000,44.395,0.000,2
53.836,7564.000,44.395,0.000,2
53.917,7565.000,44.395,0.000,2
53.998,7566.000,44.395,0.000,2
54.079,7567.000,44.395,0.000,2
54.160,7568.000,44.395,0.000,2
54.241,7569.000,44.395,0.000,2
54.322,7570.000,44.395,0.000,2
54.403,7571.000,44.395,0.000,2
54.484,7572.000,44.395,0.000,2
54.565,7573.000,44.395,0.000,2
54.646,7574.000,44.395,0.000,2
54.728,7575.000,44.395,0.000,2
54.809,7576.000,44.395,0.000,2
54.890,7577.000,44.395,0.000,2
54.971,7578.000,44.395,0.000,2
55.052,7579.000,44.395,0.000,2
55.133,7580.000,44.395,0.000,2
55.214,7581.000,44.395,0.000,2
55.295,7582.000,44.395,0.000,2
55.376,7583.000,44.395,0.000,2
55.457,7584.000,44.395,0.000,2
55.538,7585.000,44.395,0.000,2
55.620,7586.000,44.395,0.000,2
55.701,7587.000,44.395,0.000,2
55.782,7588.000,44.395,0.000,2
55.863,7589.000,44.395,0.000,2
55.944,7590.000,44.395,0.000,2
56.025,7591.000,44.395,0.000,2
56.106,7592.000,44.395,0.000,2
56.187,7593.000,44.395,0.000,2
56.268,7594.000,44.395,0.000,2
56.349,7595.000,44.395,0.000,2
56.430,7596.000,44.395,0.000,2
56.512,7597.000,44.395,0.000,2
56.593,7598.000,44.395,0.000,2
56.674,7599.000,44.395,0.000,2
56.755,7600.000,44.395,0.000,2
56.836,7601.000,44.395,0.000,2
56.917,7602.000,44.395,0.000,2
56.998,7603.000,44.395,0.000,2
57.079,7604.000,44.395,0.000,2
57.160,7605.000,44.395,0.000,2
57.241,7606.000,44.395,0.000,2
57.322,7607.000,44.395,0.000,2
57.404,7608.000,44.395,0.000,2
57.485,7609.000,44.395,0.000,2
57.566,7610.000,44.395,0.000,2
57.647,7611.000,44.395,0.000,2
57.728,7612.000,44.395,0.000,2
57.809,7613.000,44.395,0.000,2
57.890,7614.000,44.395,0.000,2
57.971,7615.000,44.395,0.000,2
58.052,7616.000,44.395,0.000,2
58.133,7617.000,44.395,0.000,2
58.214,7618.000,44.395,0.000,2
58.296,7619.000,44.395,0.000,2
58.377,7620.000,44.395,0.000,2
58.458,7621.000,44.395,0.000,2
58.539,7622.000,44.395,0.000,2
58.620,7623.000,44.395,0.000,2
58.701,7624.000,44.395,0.000,2
58.782,7625.000,44.395,0.000,2
58.863,7626.000,44.395,0.000,2
58.944,7627.000,44.395,0.000,2
59.025,7628.000,44.395,0.000,2
59.106,7629.000,44.395,0.000,2
59.187,7630.000,44.395,0.000,2
59.269,7631.000,44.395,0.000,2
59.350,7632.000,44.395,0.000,2
59.431,7633.000,44.395,0.000,2
59.512,7634.000,44.395,0.000,2
59.593,7635.000,44.395,0.000,2
59.674,7636.000,44.395,0.000,2
59.755,7637.000,44.395,0.000,2
59.836,7638.000,44.395,0.000,2
59.917,7639.000,44.395,0.000,2
59.998,7640.000,44.395,0.000,2
60.079,7641.000,44.395,0.000,2
60.161,7642.000,44.395,0.000,2
60.242,7643.000,44.395,0.000,2
60.323,7644.000,44.395,0.000,2
60.404,7645.000,44.395,0.000,2
60.485,7646.000,44.395,0.000,2
60.566,7647.000,44.391,0.000,2
60.647,7648.000,44.387,0.000,2
60.728,7649.000,44.383,0.000,2
60.809,7650.000,44.379,0.000,2
60.890,7651.000,44.376,0.000,2
60.972,7652.000,44.372,0.000,2
61.053,7653.000,44.368,0.000,2
61.134,7654.000,44.364,0.000,2
61.215,7655.000,44.360,0.000,2
61.296,7656.000,44.356,0.000,2
61.377,7657.000,44.352,0.000,2
61.459,7658.000,44.348,0.000,2
61.540,7659.000,44.344,0.000,2
61.621,7660.000,44.340,0.000,2
61.702,7661.000,44.337,0.000,2
61.783,7662.000,44.333,0.000,2
61.865,7663.000,44.329,0.000,2
61.946,7664.000,44.325,0.000,2
62.027,7665.000,44.321,0.000,2
62.108,7666.000,44.317,0.000,2
62.189,7667.000,44.313,0.000,2
62.271,7668.000,44.309,0.000,2
62.352,7669.000,44.305,0.000,2
62.433,7670.000,44.301,0.000,2
62.514,7671.000,44.298,0.000,2
62.596,7672.000,44.290,0.000,2
62.677,7673.000,44.282,0.000,2
62.758,7674.000,44.274,0.000,2
62.840,7675.000,44.266,0.000,2
62.921,7676.000,44.258,0.000,2
63.002,7677.000,44.251,0.000,2
63.084,7678.000,44.243,0.000,2
63.165,7679.000,44.235,0.000,2
63.246,7680.000,44.227,0.000,2
63.328,7681.000,44.219,0.000,2
63.409,7682.000,44.211,0.000,2
63.491,7683.000,44.204,0.000,2
63.572,7684.000,44.196,0.000,2
63.654,7685.000,44.188,0.000,2
63.735,7686.000,44.180,0.000,2
63.817,7687.000,44.172,0.000,2
63.898,7688.000,44.165,0.000,2
63.980,7689.000,44.157,0.000,2
64.061,7690.000,44.149,0.000,2
64.143,7691.000,44.141,0.000,2
64.224,7692.000,44.133,0.000,2
64.306,7693.000,44.125,0.000,2
64.387,7694.000,44.118,0.000,2
64.469,7695.000,44.110,0.000,2
64.551,7696.000,44.102,0.000,2
64.632,7697.000,44.090,0.000,2
64.714,7698.000,44.078,0.000,2
64.796,7699.000,44.067,0.000,2
64.877,7700.000,44.055,0.000,2
64.959,7701.000,44.043,0.000,2
65.041,7702.000,44.031,0.000,2
65.123,7703.000,44.020,0.000,2
65.204,7704.000,44.008,0.000,2
65.286,7705.000,43.996,0.000,2
65.368,7706.000,43.984,0.000,2
65.450,7707.000,43.972,0.000,2
65.532,7708.000,43.961,0.000,2
65.614,7709.000,43.949,0.000,2
65.696,7710.000,43.937,0.000,2
65.778,7711.000,43.925,0.000,2
65.860,7712.000,43.913,0.000,2
65.941,7713.000,43.902,0.000,2
66.024,7714.000,43.890,0.000,2
66.106,7715.000,43.878,0.000,2
66.188,7716.000,43.866,0.000,2
66.270,7717.000,43.854,0.000,2
66.352,7718.000,43.843,0.000,2
66.434,7719.000,43.831,0.000,2
66.516,7720.000,43.819,0.000,2
66.598,7721.000,43.807,0.000,2
66.680,7722.000,43.791,0.000,2
66.763,7723.000,43.776,0.000,2
66.845,7724.000,43.760,0.000,2
66.927,7725.000,43.744,0.000,2
67.009,7726.000,43.728,0.000,2
67.092,7727.000,43.713,0.000,2
67.174,7728.000,43.697,0.000,2
67.257,7729.000,43.681,0.000,2
67.339,7730.000,43.665,0.000,2
67.421,7731.000,43.649,0.000,2
67.504,7732.000,43.633,0.000,2
67.586,7733.000,43.618,0.000,2
67.669,7734.000,43.602,0.000,2
67.752,7735.000,43.586,0.000,2
67.834,7736.000,43.570,0.000,2
67.917,7737.000,43.554,0.000,2
68.000,7738.000,43.539,0.000,2
68.082,7739.000,43.523,0.000,2
68.165,7740.000,43.507,0.000,2
68.248,7741.000,43.491,0.000,2
68.331,7742.000,43.475,0.000,2
68.413,7743.000,43.459,0.000,2
68.496,7744.000,43.443,0.000,2
68.579,7745.000,43.428,0.000,2
68.662,7746.000,43.412,0.000,2
68.745,7747.000,43.396,0.000,2
68.828,7748.000,43.380,0.000,2
68.911,7749.000,43.364,0.000,2
68.994,7750.000,43.348,0.000,2
69.077,7751.000,43.332,0.000,2
69.160,7752.000,43.316,0.000,2
69.243,7753.000,43.301,0.000,2
69.326,7754.000,43.285,0.000,2
69.410,7755.000,43.269,0.000,2
69.493,7756.000,43.253,0.000,2
69.576,7757.000,43.237,0.000,2
69.659,7758.000,43.221,0.000,2
69.743,7759.000,43.205,0.000,2
69.826,7760.000,43.189,0.000,2
69.909,7761.000,43.173,0.000,2
69.993,7762.000,43.157,0.000,2
70.076,7763.000,43.141,0.000,2
70.160,7764.000,43.125,0.000,2
70.243,7765.000,43.109,0.000,2
70.327,7766.000,43.093,0.000,2
70.410,7767.000,43.078,0.000,2
70.494,7768.000,43.062,0.000,2
70.577,7769.000,43.046,0.000,2
70.661,7770.000,43.030,0.000,2
70.745,7771.000,43.014,0.000,2
70.828,7772.000,42.998,0.000,2
70.912,7773.000,42.982,0.000,2
70.996,7774.000,42.966,0.000,2
71.080,7775.000,42.950,0.000,2
71.164,7776.000,42.934,0.000,2
71.247,7777.000,42.918,0.000,2
71.331,7778.000,42.902,0.000,2
71.415,7779.000,42.886,0.000,2
71.499,7780.000,42.870,0.000,2
71.583,7781.000,42.854,0.000,2
71.667,7782.000,42.838,0.000,2
71.751,7783.000,42.822,0.000,2
71.835,7784.000,42.806,0.000,2
71.919,7785.000,42.790,0.000,2
72.004,7786.000,42.774,0.000,2
72.088,7787.000,42.758,0.000,2
72.172,7788.000,42.742,0.000,2
72.256,7789.000,42.726,0.000,2
72.341,7790.000,42.709,0.000,2
72.425,7791.000,42.693,0.000,2
72.509,7792.000,42.677,0.000,2
72.594,7793.000,42.661,0.000,2
72.678,7794.000,42.645,0.000,2
72.762,7795.000,42.629,0.000,2
72.847,7796.000,42.613,0.000,2
72.931,7797.000,42.597,0.000,2
73.016,7798.000,42.581,0.000,2
73.100,7799.000,42.565,0.000,2
73.185,7800.000,42.549,0.000,2
73.270,7801.000,42.533,0.000,2
73.354,7802.000,42.517,0.000,2
73.439,7803.000,42.500,0.000,2
73.524,7804.000,42.484,0.000,2
73.608,7805.000,42.468,0.000,2
73.693,7806.000,42.452,0.000,2
73.778,7807.000,42.436,0.000,2
73.863,7808.000,42.420,0.000,2
73.948,7809.000,42.404,0.000,2
74.033,7810.000,42.388,0.000,2
74.118,7811.000,42.371,0.000,2
74.203,7812.000,42.355,0.000,2
74.288,7813.000,42.339,0.000,2
74.373,7814.000,42.323,0.000,2
74.458,7815.000,42.307,0.000,2
74.543,7816.000,42.291,0.000,2
74.628,7817.000,42.275,0.000,2
74.713,7818.000,42.258,0.000,2
74.798,7819.000,42.242,0.000,2
74.884,7820.000,42.226,0.000,2
74.969,7821.000,42.210,0.000,2
75.054,7822.000,42.194,0.000,2
75.140,7823.000,42.178,0.000,2
75.225,7824.000,42.161,0.000,2
75.310,7825.000,42.145,0.000,2
75.396,7826.000,42.129,0.000,2
75.481,7827.000,42.113,0.000,2
75.567,7828.000,42.097,0.000,2
75.652,7829.000,42.080,0.000,2
75.738,7830.000,42.064,0.000,2
75.823,7831.000,42.048,0.000,2
75.909,7832.000,42.032,0.000,2
75.995,7833.000,42.015,0.000,2
76.080,7834.000,41.999,0.000,2
76.166,7835.000,41.983,0.000,2
76.252,7836.000,41.967,0.000,2
76.338,7837.000,41.950,0.000,2
76.424,7838.000,41.934,0.000,2
76.509,7839.000,41.918,0.000,2
76.595,7840.000,41.902,0.000,2
76.681,7841.000,41.885,0.000,2
76.767,7842.000,41.869,0.000,2
76.853,7843.000,41.853,0.000,2
76.939,7844.000,41.837,0.000,2
77.025,7845.000,41.820,0.000,2
77.111,7846.000,41.804,0.000,2
77.198,7847.000,41.788,0.000,2
77.284,7848.000,41.771,0.000,2
77.370,7849.000,41.755,0.000,2
77.456,7850.000,41.739,0.000,2
77.542,7851.000,41.722,0.000,2
77.629,7852.000,41.706,0.000,2
77.715,7853.000,41.690,0.000,2
77.801,7854.000,41.674,0.000,2
77.888,7855.000,41.657,0.000,2
77.974,7856.000,41.641,0.000,2
78.061,7857.000,41.625,0.000,2
78.147,7858.000,41.608,0.000,2
78.234,7859.000,41.592,0.000,2
78.320,7860.000,41.575,0.000,2
78.407,7861.000,41.559,0.000,2
78.494,7862.000,41.543,0.000,2
78.580,7863.000,41.526,0.000,2
78.667,7864.000,41.510,0.000,2
78.754,7865.000,41.494,0.000,2
78.841,7866.000,41.477,0.000,2
78.927,7867.000,41.461,0.000,2
79.014,7868.000,41.444,0.000,2
79.101,7869.000,41.428,0.000,2
79.188,7870.000,41.412,0.000,2
79.275,7871.000,41.395,0.000,2
79.362,7872.000,41.379,0.000,2
79.449,7873.000,41.362,0.000,2
79.536,7874.000,41.346,0.000,2
79.623,7875.000,41.330,0.000,2
79.710,7876.000,41.313,0.000,2
79.797,7877.000,41.297,0.000,2
79.885,7878.000,41.280,0.000,2
79.972,7879.000,41.264,0.000,2
80.059,7880.000,41.247,0.000,2
80.146,7881.000,41.231,0.000,2
80.234,7882.000,41.215,0.000,2
80.321,7883.000,41.198,0.000,2
80.408,7884.000,41.182,0.000,2
80.496,7885.000,41.165,0.000,2
80.583,7886.000,41.149,0.000,2
80.671,7887.000,41.132,0.000,2
80.758,7888.000,41.116,0.000,2
80.846,7889.000,41.099,0.000,2
80.934,7890.000,41.083,0.000,2
81.021,7891.000,41.066,0.000,2
81.109,7892.000,41.050,0.000,2
81.197,7893.000,41.033,0.000,2
81.284,7894.000,41.017,0.000,2
81.372,7895.000,41.000,0.000,2
81.460,7896.000,40.984,0.000,2
81.548,7897.000,40.967,0.000,2
81.636,7898.000,40.951,0.000,2
81.724,7899.000,40.934,0.000,2
81.812,7900.000,40.918,0.000,2
81.900,7901.000,40.901,0.000,2
81.988,7902.000,40.885,0.000,2
82.076,7903.000,40.868,0.000,2
82.164,7904.000,40.851,0.000,2
82.252,7905.000,40.835,0.000,2
82.340,7906.000,40.818,0.000,2
82.428,7907.000,40.802,0.000,2
82.517,7908.000,40.785,0.000,2
82.605,7909.000,40.769,0.000,2
82.693,7910.000,40.752,0.000,2
82.782,7911.000,40.735,0.000,2
82.870,7912.000,40.719,0.000,2
82.958,7913.000,40.702,0.000,2
83.047,7914.000,40.686,0.000,2
83.135,7915.000,40.669,0.000,2
83.224,7916.000,40.652,0.000,2
83.312,7917.000,40.636,0.000,2
83.401,7918.000,40.619,0.000,2
83.490,7919.000,40.603,0.000,2
83.578,7920.000,40.586,0.000,2
83.667,7921.000,40.569,0.000,2
83.756,7922.000,40.553,0.000,2
83.845,7923.000,40.536,0.000,2
83.933,7924.000,40.519,0.000,2
84.022,7925.000,40.503,0.000,2
84.111,7926.000,40.486,0.000,2
84.200,7927.000,40.469,0.000,2
84.289,7928.000,40.453,0.000,2
84.378,7929.000,40.436,0.000,2
84.467,7930.000,40.419,0.000,2
84.556,7931.000,40.403,0.000,2
84.645,7932.000,40.386,0.000,2
84.735,7933.000,40.369,0.000,2
84.824,7934.000,40.353,0.000,2
84.913,7935.000,40.336,0.000,2
85.002,7936.000,40.319,0.000,2
85.092,7937.000,40.303,0.000,2
85.181,7938.000,40.286,0.000,2
85.270,7939.000,40.269,0.000,2
85.360,7940.000,40.252,0.000,2
85.449,7941.000,40.236,0.000,2
85.539,7942.000,40.219,0.000,2
85.628,7943.000,40.202,0.000,2
85.718,7944.000,40.185,0.000,2
85.807,7945.000,40.169,0.000,2
85.897,7946.000,40.152,0.000,2
85.987,7947.000,40.135,0.000,2
86.076,7948.000,40.118,0.000,2
86.166,7949.000,40.102,0.000,2
86.256,7950.000,40.085,0.000,2
86.346,7951.000,40.068,0.000,2
86.436,7952.000,40.051,0.000,2
86.526,7953.000,40.034,0.000,2
86.615,7954.000,40.018,0.000,2
86.705,7955.000,40.001,0.000,2
86.795,7956.000,39.985,0.000,2
86.886,7957.000,39.969,0.000,2
86.976,7958.000,39.953,0.000,2
87.066,7959.000,39.937,0.000,2
87.156,7960.000,39.921,0.000,2
87.246,7961.000,39.905,0.000,2
87.336,7962.000,39.889,0.000,2
87.427,7963.000,39.873,0.000,2
87.517,7964.000,39.857,0.000,2
87.607,7965.000,39.841,0.000,2
87.698,7966.000,39.825,0.000,2
87.788,7967.000,39.810,0.000,2
87.878,7968.000,39.794,0.000,2
87.969,7969.000,39.778,0.000,2
88.059,7970.000,39.762,0.000,2
88.150,7971.000,39.746,0.000,2
88.241,7972.000,39.730,0.000,2
88.331,7973.000,39.714,0.000,2
88.422,7974.000,39.698,0.000,2
88.513,7975.000,39.682,0.000,2
88.603,7976.000,39.666,0.000,2
88.694,7977.000,39.650,0.000,2
88.785,7978.000,39.634,0.000,2
88.876,7979.000,39.618,0.000,2
88.967,7980.000,39.601,0.000,2
89.058,7981.000,39.585,0.000,2
89.149,7982.000,39.569,0.000,2
89.240,7983.000,39.553,0.000,2
89.331,7984.000,39.537,0.000,2
89.422,7985.000,39.521,0.000,2
89.513,7986.000,39.505,0.000,2
89.604,7987.000,39.489,0.000,2
89.695,7988.000,39.473,0.000,2
89.786,7989.000,39.457,0.000,2
89.878,7990.000,39.441,0.000,2
89.969,7991.000,39.425,0.000,2
90.060,7992.000,39.409,0.000,2
90.152,7993.000,39.393,0.000,2
90.243,7994.000,39.377,0.000,2
90.334,7995.000,39.360,0.000,2
90.426,7996.000,39.344,0.000,2
90.517,7997.000,39.328,0.000,2
90.609,7998.000,39.312,0.000,2
90.701,7999.000,39.296,0.000,2
90.792,8000.000,39.280,0.000,2
90.884,8001.000,39.264,0.000,2
90.976,8002.000,39.248,0.000,2
91.067,8003.000,39.231,0.000,2
91.159,8004.000,39.215,0.000,2
91.251,8005.000,39.199,0.000,2
91.343,8006.000,39.183,0.000,2
91.435,8007.000,39.167,0.000,2
91.527,8008.000,39.151,0.000,2
91.619,8009.000,39.135,0.000,2
91.711,8010.000,39.118,0.000,2
91.803,8011.000,39.102,0.000,2
91.895,8012.000,39.086,0.000,2
91.987,8013.000,39.070,0.000,2
92.079,8014.000,39.054,0.000,2
92.171,8015.000,39.037,0.000,2
92.263,8016.000,39.021,0.000,2
92.356,8017.000,39.005,0.000,2
92.448,8018.000,38.989,0.000,2
92.540,8019.000,38.973,0.000,2
92.633,8020.000,38.956,0.000,2
92.725,8021.000,38.940,0.000,2
92.818,8022.000,38.924,0.000,2
92.910,8023.000,38.908,0.000,2
93.003,8024.000,38.891,0.000,2
93.095,8025.000,38.875,0.000,2
93.188,8026.000,38.859,0.000,2
93.281,8027.000,38.843,0.000,2
93.373,8028.000,38.826,0.000,2
93.466,8029.000,38.810,0.000,2
93.559,8030.000,38.794,0.000,2
93.652,8031.000,38.778,0.000,2
93.745,8032.000,38.761,0.000,2
93.837,8033.000,38.745,0.000,2
93.930,8034.000,38.729,0.000,2
94.023,8035.000,38.712,0.000,2
94.116,8036.000,38.696,0.000,2
94.209,8037.000,38.680,0.000,2
94.303,8038.000,38.664,0.000,2
94.396,8039.000,38.647,0.000,2
94.489,8040.000,38.631,0.000,2
94.582,8041.000,38.615,0.000,2
94.675,8042.000,38.598,0.000,2
94.769,8043.000,38.582,0.000,2
94.862,8044.000,38.566,0.000,2
94.955,8045.000,38.549,0.000,2
95.049,8046.000,38.533,0.000,2
95.142,8047.000,38.517,0.000,2
95.236,8048.000,38.500,0.000,2
95.329,8049.000,38.484,0.000,2
95.423,8050.000,38.467,0.000,2
95.516,8051.000,38.451,0.000,2
95.610,8052.000,38.435,0.000,2
95.704,8053.000,38.418,0.000,2
95.797,8054.000,38.402,0.000,2
95.891,8055.000,38.386,0.000,2
95.985,8056.000,38.369,0.000,2
96.079,8057.000,38.353,0.000,2
96.173,8058.000,38.336,0.000,2
96.267,8059.000,38.320,0.000,2
96.361,8060.000,38.304,0.000,2
96.455,8061.000,38.287,0.000,2
96.549,8062.000,38.271,0.000,2
96.643,8063.000,38.254,0.000,2
96.737,8064.000,38.238,0.000,2
96.831,8065.000,38.221,0.000,2
96.925,8066.000,38.205,0.000,2
97.019,8067.000,38.188,0.000,2
97.114,8068.000,38.172,0.000,2
97.208,8069.000,38.156,0.000,2
97.302,8070.000,38.139,0.000,2
97.397,8071.000,38.123,0.000,2
97.491,8072.000,38.106,0.000,2
97.586,8073.000,38.090,0.000,2
97.680,8074.000,38.073,0.000,2
97.775,8075.000,38.057,0.000,2
97.870,8076.000,38.040,0.000,2
97.964,8077.000,38.024,0.000,2
98.059,8078.000,38.007,0.000,2
98.154,8079.000,37.991,0.000,2
98.248,8080.000,37.974,0.000,2
98.343,8081.000,37.958,0.000,2
98.438,8082.000,37.941,0.000,2
98.533,8083.000,37.924,0.000,2
98.628,8084.000,37.908,0.000,2
98.723,8085.000,37.891,0.000,2
98.818,8086.000,37.875,0.000,2
98.913,8087.000,37.858,0.000,2
99.008,8088.000,37.842,0.000,2
99.103,8089.000,37.825,0.000,2
99.198,8090.000,37.809,0.000,2
99.294,8091.000,37.792,0.000,2
99.389,8092.000,37.775,0.000,2
99.484,8093.000,37.759,0.000,2
99.580,8094.000,37.742,0.000,2
99.675,8095.000,37.726,0.000,2
99.771,8096.000,37.709,0.000,2
99.866,8097.000,37.692,0.000,2
99.962,8098.000,37.545,-109.000,3
100.059,8099.000,37.318,-109.000,3
100.156,8100.000,37.089,-109.000,3
100.254,8101.000,36.859,-109.000,3
100.353,8102.000,36.628,-109.000,3
100.452,8103.000,36.395,-109.000,3
100.552,8104.000,36.161,-109.000,3
100.653,8105.000,35.925,-109.000,3
100.754,8106.000,35.688,-109.000,3
100.856,8107.000,35.449,-109.000,3
100.958,8108.000,35.209,-109.000,3
101.062,8109.000,34.967,-109.000,3
101.166,8110.000,34.725,-109.000,3
101.270,8111.000,34.480,-109.000,3
101.376,8112.000,34.234,-109.000,3
101.482,8113.000,33.986,-109.000,3
101.589,8114.000,33.736,-109.000,3
101.697,8115.000,33.485,-109.000,3
101.806,8116.000,33.231,-109.000,3
101.916,8117.000,32.976,-109.000,3
102.026,8118.000,32.719,-109.000,3
102.137,8119.000,32.460,-109.000,3
102.250,8120.000,32.198,-109.000,3
102.363,8121.000,31.935,-109.000,3
102.477,8122.000,31.669,-109.000,3
102.592,8123.000,31.401,-109.000,3
102.708,8124.000,31.131,-109.000,3
102.826,8125.000,30.859,-109.000,3
102.944,8126.000,30.584,-109.000,3
103.063,8127.000,30.307,-109.000,3
103.184,8128.000,30.027,-109.000,3
103.305,8129.000,29.746,-109.000,3
103.428,8130.000,29.462,-109.000,3
103.552,8131.000,29.175,-109.000,3
103.677,8132.000,28.885,-109.000,3
103.804,8133.000,28.593,-109.000,3
103.932,8134.000,28.297,-109.000,3
104.061,8135.000,27.999,-109.000,3
104.192,8136.000,27.697,-109.000,3
104.324,8137.000,27.392,-109.000,3
104.458,8138.000,27.084,-109.000,3
104.593,8139.000,26.772,-109.000,3
104.730,8140.000,26.456,-109.000,3
104.868,8141.000,26.137,-109.000,3
105.009,8142.000,25.814,-109.000,3
105.151,8143.000,25.487,-109.000,3
105.295,8144.000,25.155,-109.000,3
105.441,8145.000,24.820,-109.000,3
105.589,8146.000,24.481,-109.000,3
105.739,8147.000,24.137,-109.000,3
105.892,8148.000,23.788,-109.000,3
106.047,8149.000,23.434,-109.000,3
106.204,8150.000,23.074,-109.000,3
106.364,8151.000,22.709,-109.000,3
106.526,8152.000,22.338,-109.000,3
106.692,8153.000,21.961,-109.000,3
106.860,8154.000,21.577,-109.000,3
107.031,8155.000,21.186,-109.000,3
107.206,8156.000,20.788,-109.000,3
107.385,8157.000,20.382,-109.000,3
107.567,8158.000,19.970,-109.000,3
107.753,8159.000,19.548,-109.000,3
107.944,8160.000,19.117,-109.000,3
108.139,8161.000,18.677,-109.000,3
108.339,8162.000,18.226,-109.000,3
108.544,8163.000,17.763,-109.000,3
108.755,8164.000,17.289,-109.000,3
108.973,8165.000,16.801,-109.000,3
109.197,8166.000,16.298,-109.000,3
109.430,8167.000,15.780,-109.000,3
109.670,8168.000,15.244,-109.000,3
109.920,8169.000,14.689,-109.000,3
110.181,8170.000,14.113,-109.000,3
110.453,8171.000,13.513,-109.000,3
110.740,8172.000,12.885,-109.000,3
111.043,8173.000,12.225,-109.000,3
111.366,8174.000,11.527,-109.000,3
111.713,8175.000,10.785,-109.000,3
112.089,8176.000,9.989,-109.000,3
112.506,8177.000,9.124,-109.000,3
112.978,8178.000,8.168,-109.000,3
113.536,8179.000,7.085,-109.000,3
114.260,8180.000,5.803,-109.000,3
115.997,8181.000,4.144,-109.000,3
115.997,8182.000,0.000,0.000,3
